This program has not been tested with this version of Python (3.13.2)
Should you encounter problems, please use Python version 3.11.1
Comment: 4
XREF: 1
Trailer: 1
StartXref: 1
Indirect object: 310
Indirect objects with a stream: 5, 7, 9, 11, 13, 15, 17, 19, 21, 23, 25, 27, 29, 31, 36, 37, 39, 41, 43, 45, 47, 49, 51, 53, 55, 57, 59, 64, 65, 67, 69, 71, 73, 75, 77, 79, 81, 86, 87, 89, 91, 93, 95, 97, 99, 101, 106, 107, 109, 111, 113, 115, 117, 119, 121, 123, 125, 130, 131, 133, 135, 137, 139, 144, 145, 147, 149, 151, 153, 155, 157, 159, 161, 163, 165, 167, 172, 173, 175, 177, 179, 181, 183, 185, 187, 192, 193, 195, 197, 199, 201, 203, 208, 209, 211, 213, 215, 217, 219, 221, 223, 225, 230, 231, 233, 235, 237, 239, 241, 243, 245, 247, 249, 251, 253, 255, 257, 259, 261, 263, 265, 267, 269, 271, 273, 275, 277, 279, 281, 283, 285, 287, 289, 291, 293, 295, 297, 299, 304, 305, 307, 309, 311, 313, 315, 317, 319, 321, 323, 325, 327, 329, 331, 333, 335, 337, 339, 341, 343, 345, 347, 349, 351, 353, 355, 357, 359, 361, 363, 365, 367, 369, 371, 373, 376, 380, 396, 457, 462, 463, 464, 465, 466, 467, 468, 469, 470, 471, 472, 473, 474, 475, 476, 477, 478, 479, 480, 481, 482, 483, 484, 485, 487, 488
  54: 35, 36, 63, 64, 85, 86, 105, 106, 129, 130, 143, 144, 171, 172, 191, 192, 207, 208, 229, 230, 303, 304, 378, 380, 396, 460, 461, 462, 463, 464, 465, 466, 467, 468, 469, 470, 471, 472, 473, 474, 475, 476, 477, 478, 479, 480, 481, 482, 483, 484, 485, 486, 487, 488
 /Catalog 1: 379
 /Font 37: 381, 382, 383, 384, 385, 386, 397, 398, 399, 400, 401, 402, 403, 404, 405, 406, 407, 408, 409, 410, 411, 412, 413, 414, 415, 416, 417, 418, 419, 420, 421, 422, 423, 424, 425, 426, 458
 /FontDescriptor 37: 387, 388, 389, 390, 391, 392, 427, 428, 429, 430, 431, 432, 433, 434, 435, 436, 437, 438, 439, 440, 441, 442, 443, 444, 445, 446, 447, 448, 449, 450, 451, 452, 453, 454, 455, 456, 459
 /Metadata 1: 376
 /Page 13: 1, 34, 62, 84, 104, 128, 142, 170, 190, 206, 228, 302, 395
 /Pages 3: 2, 393, 394
 /XObject 164: 5, 7, 9, 11, 13, 15, 17, 19, 21, 23, 25, 27, 29, 31, 37, 39, 41, 43, 45, 47, 49, 51, 53, 55, 57, 59, 65, 67, 69, 71, 73, 75, 77, 79, 81, 87, 89, 91, 93, 95, 97, 99, 101, 107, 109, 111, 113, 115, 117, 119, 121, 123, 125, 131, 133, 135, 137, 139, 145, 147, 149, 151, 153, 155, 157, 159, 161, 163, 165, 167, 173, 175, 177, 179, 181, 183, 185, 187, 193, 195, 197, 199, 201, 203, 209, 211, 213, 215, 217, 219, 221, 223, 225, 231, 233, 235, 237, 239, 241, 243, 245, 247, 249, 251, 253, 255, 257, 259, 261, 263, 265, 267, 269, 271, 273, 275, 277, 279, 281, 283, 285, 287, 289, 291, 293, 295, 297, 299, 305, 307, 309, 311, 313, 315, 317, 319, 321, 323, 325, 327, 329, 331, 333, 335, 337, 339, 341, 343, 345, 347, 349, 351, 353, 355, 357, 359, 361, 363, 365, 367, 369, 371, 373, 457
Search keywords:
 /OpenAction 1: 379
